       1 0.31444205708776421E-04 0.39305257135970530E-06 0.32801970484185090E+01
       2 0.31839725126518012E-04 0.39799656408147511E-06 0.32801970483103760E+01
       3 0.32240219566089041E-04 0.40300274457611311E-06 0.32801970481995060E+01
       4 0.32645751605560481E-04 0.40807189506950601E-06 0.32801970480858280E+01
       5 0.33056384610138622E-04 0.41320480762673269E-06 0.32801970479692728E+01
       6 0.33472182742065818E-04 0.41840228427582279E-06 0.32801970478497680E+01
       7 0.33893210970646161E-04 0.42366513713307710E-06 0.32801970477272371E+01
       8 0.34319535082396937E-04 0.42899418852996181E-06 0.32801970476016051E+01
       9 0.34751221691327947E-04 0.43439027114159928E-06 0.32801970474727908E+01
      10 0.35188338249350163E-04 0.43985422811687699E-06 0.32801970473407169E+01
      11 0.35630953056815070E-04 0.44538691321018839E-06 0.32801970472052990E+01
      12 0.36079135273186849E-04 0.45098919091483562E-06 0.32801970470664541E+01
      13 0.36532954927848623E-04 0.45666193659810780E-06 0.32801970469240929E+01
      14 0.36992482931044717E-04 0.46240603663805900E-06 0.32801970467781292E+01
      15 0.37457791084960618E-04 0.46822238856200782E-06 0.32801970466284689E+01
      16 0.37928952094942010E-04 0.47411190118677512E-06 0.32801970464750210E+01
      17 0.38406039580855288E-04 0.48007549476069108E-06 0.32801970463176882E+01
      18 0.38889128088590773E-04 0.48611410110738472E-06 0.32801970461563719E+01
      19 0.39378293101710601E-04 0.49222866377138256E-06 0.32801970459909731E+01
      20 0.39873611053243367E-04 0.49842013816554217E-06 0.32801970458213869E+01
      21 0.40375159337626703E-04 0.50468949172033377E-06 0.32801970456475069E+01
      22 0.40883016322800440E-04 0.51103770403500547E-06 0.32801970454692260E+01
      23 0.41397261362451752E-04 0.51746576703064696E-06 0.32801970452864309E+01
      24 0.41917974808414299E-04 0.52397468510517878E-06 0.32801970450990088E+01
      25 0.42445238023223477E-04 0.53056547529029361E-06 0.32801970449068429E+01
      26 0.42979133392829297E-04 0.53723916741036619E-06 0.32801970447098112E+01
      27 0.43519744339469463E-04 0.54399680424336829E-06 0.32801970445077919E+01
      28 0.44067155334704291E-04 0.55083944168380367E-06 0.32801970443006589E+01
      29 0.44621451912615448E-04 0.55776814890769316E-06 0.32801970440882822E+01
      30 0.45182720683171027E-04 0.56478400853963790E-06 0.32801970438705288E+01
      31 0.45751049345758331E-04 0.57188811682197916E-06 0.32801970436472629E+01
      32 0.46326526702887132E-04 0.57908158378608924E-06 0.32801970434183452E+01
      33 0.46909242674065312E-04 0.58636553342581640E-06 0.32801970431836320E+01
      34 0.47499288309848862E-04 0.59374110387311081E-06 0.32801970429429770E+01
      35 0.48096755806068923E-04 0.60120944757586162E-06 0.32801970426962299E+01
      36 0.48701738518237301E-04 0.60877173147796634E-06 0.32801970424432372E+01
      37 0.49314330976133601E-04 0.61642913720167004E-06 0.32801970421838389E+01
      38 0.49934628898575713E-04 0.62418286123219637E-06 0.32801970419178739E+01
      39 0.50562729208375969E-04 0.63203411510469965E-06 0.32801970416451769E+01
      40 0.51198730047485748E-04 0.63998412559357202E-06 0.32801970413655770E+01
      41 0.51842730792330082E-04 0.64803413490412607E-06 0.32801970410788970E+01
      42 0.52494832069335568E-04 0.65618540086669474E-06 0.32801970407849610E+01
      43 0.53155135770653463E-04 0.66443919713316823E-06 0.32801970404835838E+01
      44 0.53823745070080417E-04 0.67279681337600536E-06 0.32801970401745781E+01
      45 0.54500764439179902E-04 0.68125955548974881E-06 0.32801970398577489E+01
      46 0.55186299663605673E-04 0.68982874579507089E-06 0.32801970395328990E+01
      47 0.55880457859631272E-04 0.69850572324539081E-06 0.32801970391998250E+01
      48 0.56583347490887102E-04 0.70729184363608886E-06 0.32801970388583199E+01
      49 0.57295078385308057E-04 0.71618847981635082E-06 0.32801970385081698E+01
      50 0.58015761752294522E-04 0.72519702190368161E-06 0.32801970381491552E+01
      51 0.58745510200088748E-04 0.73431887750110943E-06 0.32801970377810519E+01
      52 0.59484437753370433E-04 0.74355547191713033E-06 0.32801970374036311E+01
      53 0.60232659871073102E-04 0.75290824838841372E-06 0.32801970370166549E+01
      54 0.60990293464424850E-04 0.76237866830531071E-06 0.32801970366198820E+01
      55 0.61757456915216205E-04 0.77196821144020256E-06 0.32801970362130661E+01
      56 0.62534270094297074E-04 0.78167837617871345E-06 0.32801970357959500E+01
      57 0.63320854380307141E-04 0.79151067975383926E-06 0.32801970353682748E+01
      58 0.64117332678641413E-04 0.80146665848301772E-06 0.32801970349297740E+01
      59 0.64923829440654386E-04 0.81154786800817988E-06 0.32801970344801719E+01
      60 0.65740470683106088E-04 0.82175588353882610E-06 0.32801970340191882E+01
      61 0.66567384007852048E-04 0.83209230009815064E-06 0.32801970335465338E+01
      62 0.67404698621781621E-04 0.84255873277227033E-06 0.32801970330619148E+01
      63 0.68252545357006783E-04 0.85315681696258485E-06 0.32801970325650291E+01
      64 0.69111056691304791E-04 0.86388820864130993E-06 0.32801970320555629E+01
      65 0.69980366768818418E-04 0.87475458461023025E-06 0.32801970315331990E+01
      66 0.70860611421015823E-04 0.88575764276269783E-06 0.32801970309976132E+01
      67 0.71751928187914805E-04 0.89689910234893508E-06 0.32801970304484680E+01
      68 0.72654456339573591E-04 0.90818070424466995E-06 0.32801970298854211E+01
      69 0.73568336897852007E-04 0.91960421122315017E-06 0.32801970293081202E+01
      70 0.74493712658446707E-04 0.93117140823058388E-06 0.32801970287162052E+01
      71 0.75430728213202929E-04 0.94288410266503663E-06 0.32801970281093058E+01
      72 0.76379529972707479E-04 0.95474412465884352E-06 0.32801970274870418E+01
      73 0.77340266189165628E-04 0.96675332736457039E-06 0.32801970268490268E+01
      74 0.78313086979565756E-04 0.97891358724457199E-06 0.32801970261948599E+01
      75 0.79298144349135725E-04 0.99122680436419660E-06 0.32801970255241328E+01
      76 0.80295592215093577E-04 0.10036949026886699E-05 0.32801970248364261E+01
      77 0.81305586430697685E-04 0.10163198303837210E-05 0.32801970241313092E+01
      78 0.82328284809599084E-04 0.10291035601199890E-05 0.32801970234083431E+01
      79 0.83363847150500121E-04 0.10420480893812521E-05 0.32801970226670738E+01
      80 0.84412435262123549E-04 0.10551554407765439E-05 0.32801970219070409E+01
      81 0.85474212988495115E-04 0.10684276623561890E-05 0.32801970211277660E+01
      82 0.86549346234544779E-04 0.10818668279318100E-05 0.32801970203287651E+01
      83 0.87638002992029601E-04 0.10954750374003699E-05 0.32801970195095360E+01
      84 0.88740353365782755E-04 0.11092544170722850E-05 0.32801970186695688E+01
      85 0.89856569600293041E-04 0.11232071200036631E-05 0.32801970178083382E+01
      86 0.90986826106617981E-04 0.11373353263327251E-05 0.32801970169253050E+01
      87 0.92131299489636232E-04 0.11516412436204530E-05 0.32801970160199172E+01
      88 0.93290168575642292E-04 0.11661271071955290E-05 0.32801970150916100E+01
      89 0.94463614440288559E-04 0.11807951805036069E-05 0.32801970141398020E+01
      90 0.95651820436878912E-04 0.11956477554609860E-05 0.32801970131639000E+01
      91 0.96854972225017687E-04 0.12106871528127210E-05 0.32801970121632920E+01
      92 0.98073257799619577E-04 0.12259157224952450E-05 0.32801970111373540E+01
      93 0.99306867520284248E-04 0.12413358440035530E-05 0.32801970100854430E+01
      94 0.10055599414104030E-03 0.12569499267630039E-05 0.32801970090069048E+01
      95 0.10182083284046371E-03 0.12727604105057961E-05 0.32801970079010618E+01
      96 0.10310158125217450E-03 0.12887697656521810E-05 0.32801970067672248E+01
      97 0.10439843949571780E-03 0.13049804936964721E-05 0.32801970056046850E+01
      98 0.10571161020783250E-03 0.13213951275979070E-05 0.32801970044127140E+01
      99 0.10704129857411410E-03 0.13380162321764259E-05 0.32801970031905698E+01
     100 0.10838771236107520E-03 0.13548464045134399E-05 0.32801970019374851E+01
     101 0.10975106194860921E-03 0.13718882743576150E-05 0.32801970006526791E+01
     102 0.11113156036286299E-03 0.13891445045357869E-05 0.32801969993353479E+01
     103 0.11252942330952240E-03 0.14066177913690290E-05 0.32801969979846701E+01
     104 0.11394486920751660E-03 0.14243108650939580E-05 0.32801969965997979E+01
     105 0.11537811922314730E-03 0.14422264902893410E-05 0.32801969951798680E+01
     106 0.11682939730464520E-03 0.14603674663080650E-05 0.32801969937239930E+01
     107 0.11829893021716331E-03 0.14787366277145410E-05 0.32801969922312622E+01
     108 0.11978694757820881E-03 0.14973368447276090E-05 0.32801969907007411E+01
     109 0.12129368189352170E-03 0.15161710236690209E-05 0.32801969891314751E+01
     110 0.12281936859340450E-03 0.15352421074175560E-05 0.32801969875224839E+01
     111 0.12436424606950791E-03 0.15545530758688490E-05 0.32801969858727609E+01
     112 0.12592855571208079E-03 0.15741069464010101E-05 0.32801969841812739E+01
     113 0.12751254194768731E-03 0.15939067743460910E-05 0.32801969824469679E+01
     114 0.12911645227739929E-03 0.16139556534674920E-05 0.32801969806687570E+01
     115 0.13074053731546920E-03 0.16342567164433651E-05 0.32801969788455310E+01
     116 0.13238505082848839E-03 0.16548131353561051E-05 0.32801969769761490E+01
     117 0.13405024977503901E-03 0.16756281221879869E-05 0.32801969750594449E+01
     118 0.13573639434584419E-03 0.16967049293230531E-05 0.32801969730942182E+01
     119 0.13744374800442379E-03 0.17180468500552979E-05 0.32801969710792411E+01
     120 0.13917257752826061E-03 0.17396572191032579E-05 0.32801969690132560E+01
     121 0.14092315305048509E-03 0.17615394131310630E-05 0.32801969668949691E+01
     122 0.14269574810208400E-03 0.17836968512760500E-05 0.32801969647230580E+01
     123 0.14449063965464069E-03 0.18061329956830081E-05 0.32801969624961642E+01
     124 0.14630810816361169E-03 0.18288513520451470E-05 0.32801969602128969E+01
     125 0.14814843761214969E-03 0.18518554701518709E-05 0.32801969578718269E+01
     126 0.15001191555547480E-03 0.18751489444434350E-05 0.32801969554714949E+01
     127 0.15189883316580710E-03 0.18987354145725890E-05 0.32801969530103960E+01
     128 0.15380948527786209E-03 0.19226185659732759E-05 0.32801969504869950E+01
     129 0.15574417043491949E-03 0.19468021304364939E-05 0.32801969478997139E+01
     130 0.15770319093547151E-03 0.19712898866933931E-05 0.32801969452469359E+01
     131 0.15968685288045669E-03 0.19960856610057088E-05 0.32801969425270010E+01
     132 0.16169546622109000E-03 0.20211933277636250E-05 0.32801969397382131E+01
     133 0.16372934480729230E-03 0.20466168100911541E-05 0.32801969368788249E+01
     134 0.16578880643673051E-03 0.20723600804591320E-05 0.32801969339470509E+01
     135 0.16787417290447460E-03 0.20984271613059321E-05 0.32801969309410599E+01
     136 0.16998577005327759E-03 0.21248221256659708E-05 0.32801969278589711E+01
     137 0.17212392782449019E-03 0.21515490978061278E-05 0.32801969246988580E+01
     138 0.17428898030961431E-03 0.21786122538701790E-05 0.32801969214587472E+01
     139 0.17648126580250520E-03 0.22060158225313160E-05 0.32801969181366131E+01
     140 0.17870112685223189E-03 0.22337640856528991E-05 0.32801969147303782E+01
     141 0.18094891031659950E-03 0.22618613789574930E-05 0.32801969112379141E+01
     142 0.18322496741634739E-03 0.22903120927043432E-05 0.32801969076570381E+01
     143 0.18552965379002831E-03 0.23191206723753542E-05 0.32801969039855110E+01
     144 0.18786332954957670E-03 0.23482916193697089E-05 0.32801969002210392E+01
     145 0.19022635933657831E-03 0.23778294917072292E-05 0.32801968963612689E+01
     146 0.19261911237924479E-03 0.24077389047405600E-05 0.32801968924037892E+01
     147 0.19504196255010721E-03 0.24380245318763398E-05 0.32801968883461239E+01
     148 0.19749528842443400E-03 0.24686911053054248E-05 0.32801968841857390E+01
     149 0.19997947333938421E-03 0.24997434167423019E-05 0.32801968799200338E+01
     150 0.20249490545390519E-03 0.25311863181738160E-05 0.32801968755463422E+01
     151 0.20504197780938261E-03 0.25630247226172820E-05 0.32801968710619289E+01
     152 0.20762108839105379E-03 0.25952636048881721E-05 0.32801968664639918E+01
     153 0.21023264019019440E-03 0.26279080023774301E-05 0.32801968617496589E+01
     154 0.21287704126708631E-03 0.26609630158385789E-05 0.32801968569159832E+01
     155 0.21555470481477801E-03 0.26944338101847252E-05 0.32801968519599392E+01
     156 0.21826604922364651E-03 0.27283256152955811E-05 0.32801968468784342E+01
     157 0.22101149814677181E-03 0.27626437268346481E-05 0.32801968416682898E+01
     158 0.22379148056613399E-03 0.27973935070766759E-05 0.32801968363262501E+01
     159 0.22660643085964179E-03 0.28325803857455229E-05 0.32801968308489751E+01
     160 0.22945678886900599E-03 0.28682098608625748E-05 0.32801968252330451E+01
     161 0.23234299996846439E-03 0.29042874996058051E-05 0.32801968194749440E+01
     162 0.23526551513437341E-03 0.29408189391796680E-05 0.32801968135710768E+01
     163 0.23822479101567350E-03 0.29778098876959190E-05 0.32801968075177519E+01
     164 0.24122129000524181E-03 0.30152661250655218E-05 0.32801968013111882E+01
     165 0.24425548031214219E-03 0.30531935039017780E-05 0.32801967949475039E+01
     166 0.24732783603478268E-03 0.30915979504347839E-05 0.32801967884227210E+01
     167 0.25043883723499619E-03 0.31304854654374532E-05 0.32801967817327640E+01
     168 0.25358897001304950E-03 0.31698621251631191E-05 0.32801967748734491E+01
     169 0.25677872658359791E-03 0.32097340822949730E-05 0.32801967678404900E+01
     170 0.26000860535259568E-03 0.32501075669074469E-05 0.32801967606294911E+01
     171 0.26327911099517111E-03 0.32909888874396388E-05 0.32801967532359440E+01
     172 0.26659075453448522E-03 0.33323844316810649E-05 0.32801967456552288E+01
     173 0.26994405342157840E-03 0.33743006677697302E-05 0.32801967378826080E+01
     174 0.27333953161622402E-03 0.34167441452028002E-05 0.32801967299132211E+01
     175 0.27677771966879859E-03 0.34597214958599831E-05 0.32801967217420880E+01
     176 0.28025915480317970E-03 0.35032394350397459E-05 0.32801967133641030E+01
     177 0.28378438100069072E-03 0.35473047625086340E-05 0.32801967047740281E+01
     178 0.28735394908509687E-03 0.35919243635637108E-05 0.32801966959664921E+01
     179 0.29096841680867352E-03 0.36371052101084180E-05 0.32801966869359949E+01
     180 0.29462834893935680E-03 0.36828543617419601E-05 0.32801966776768881E+01
     181 0.29833431734898740E-03 0.37291789668623430E-05 0.32801966681833870E+01
     182 0.30208690110266988E-03 0.37760862637833742E-05 0.32801966584495559E+01
     183 0.30588668654925029E-03 0.38235835818656276E-05 0.32801966484693130E+01
     184 0.30973426741293499E-03 0.38716783426616879E-05 0.32801966382364172E+01
     185 0.31363024488606289E-03 0.39203780610757863E-05 0.32801966277444761E+01
     186 0.31757522772303933E-03 0.39696903465379919E-05 0.32801966169869301E+01
     187 0.32156983233545952E-03 0.40196229041932443E-05 0.32801966059570549E+01
     188 0.32561468288842111E-03 0.40701835361052642E-05 0.32801965946479559E+01
     189 0.32971041139805190E-03 0.41213801424756490E-05 0.32801965830525681E+01
     190 0.33385765783026532E-03 0.41732207228783161E-05 0.32801965711636401E+01
     191 0.33805707020075271E-03 0.42257133775094088E-05 0.32801965589737430E+01
     192 0.34230930467624181E-03 0.42788663084530220E-05 0.32801965464752572E+01
     193 0.34661502567702018E-03 0.43326878209627532E-05 0.32801965336603711E+01
     194 0.35097490598075411E-03 0.43871863247594261E-05 0.32801965205210739E+01
     195 0.35538962682761212E-03 0.44423703353451512E-05 0.32801965070491552E+01
     196 0.35985987802670698E-03 0.44982484753338379E-05 0.32801964932361929E+01
     197 0.36438635806388471E-03 0.45548294757985584E-05 0.32801964790735521E+01
     198 0.36896977421085962E-03 0.46121221776357454E-05 0.32801964645523829E+01
     199 0.37361084263572939E-03 0.46701355329466179E-05 0.32801964496636100E+01
     200 0.37831028851487890E-03 0.47288786064359868E-05 0.32801964343979249E+01
     201 0.38306884614628642E-03 0.47883605768285802E-05 0.32801964187457879E+01
     202 0.38788725906426430E-03 0.48485907383033044E-05 0.32801964026974151E+01
     203 0.39276628015563368E-03 0.49095785019454211E-05 0.32801963862427761E+01
     204 0.39770667177736632E-03 0.49713333972170794E-05 0.32801963693715850E+01
     205 0.40270920587570527E-03 0.50338650734463161E-05 0.32801963520732982E+01
     206 0.40777466410677989E-03 0.50971833013347504E-05 0.32801963343371030E+01
     207 0.41290383795874558E-03 0.51612979744843204E-05 0.32801963161519150E+01
     208 0.41809752887545171E-03 0.52262191109431467E-05 0.32801962975063659E+01
     209 0.42335654838167021E-03 0.52919568547708778E-05 0.32801962783888028E+01
     210 0.42868171820989969E-03 0.53585214776237469E-05 0.32801962587872771E+01
     211 0.43407387042875857E-03 0.54259233803594822E-05 0.32801962386895349E+01
     212 0.43953384757300238E-03 0.54941730946625304E-05 0.32801962180830180E+01
     213 0.44506250277516799E-03 0.55632812846896009E-05 0.32801961969548432E+01
     214 0.45066069989887862E-03 0.56332587487359833E-05 0.32801961752918061E+01
     215 0.45632931367382552E-03 0.57041164209228204E-05 0.32801961530803672E+01
     216 0.46206922983244242E-03 0.57758653729055301E-05 0.32801961303066420E+01
     217 0.46788134524830798E-03 0.58485168156038512E-05 0.32801961069563990E+01
     218 0.47376656807628082E-03 0.59220821009535104E-05 0.32801960830150412E+01
     219 0.47972581789440072E-03 0.59965727236800088E-05 0.32801960584676060E+01
     220 0.48576002584757707E-03 0.60720003230947136E-05 0.32801960332987479E+01
     221 0.49187013479307779E-03 0.61483766849134734E-05 0.32801960074927381E+01
     222 0.49805709944785793E-03 0.62257137430982244E-05 0.32801959810334460E+01
     223 0.50432188653773175E-03 0.63040235817216484E-05 0.32801959539043342E+01
     224 0.51066547494842758E-03 0.63833184368553448E-05 0.32801959260884450E+01
     225 0.51708885587854194E-03 0.64636106984817736E-05 0.32801958975683951E+01
     226 0.52359303299441193E-03 0.65449129124301496E-05 0.32801958683263561E+01
     227 0.53017902258694597E-03 0.66272377823368251E-05 0.32801958383440510E+01
     228 0.53684785373041689E-03 0.67105981716302111E-05 0.32801958076027411E+01
     229 0.54360056844325816E-03 0.67950071055407272E-05 0.32801957760832101E+01
     230 0.55043822185088357E-03 0.68804777731360447E-05 0.32801957437657601E+01
     231 0.55736188235054737E-03 0.69670235293818421E-05 0.32801957106301889E+01
     232 0.56437263177829065E-03 0.70546578972286333E-05 0.32801956766557869E+01
     233 0.57147156557797426E-03 0.71433945697246784E-05 0.32801956418213201E+01
     234 0.57865979297244685E-03 0.72332474121555856E-05 0.32801956061050141E+01
     235 0.58593843713686494E-03 0.73242304642108118E-05 0.32801955694845470E+01
     236 0.59330863537418563E-03 0.74163579421773204E-05 0.32801955319370268E+01
     237 0.60077153929287983E-03 0.75096442411609980E-05 0.32801954934389879E+01
     238 0.60832831498686775E-03 0.76041039373358468E-05 0.32801954539663671E+01
     239 0.61598014321772535E-03 0.76997517902215679E-05 0.32801954134944920E+01
     240 0.62372821959918317E-03 0.77966027449897900E-05 0.32801953719980661E+01
     241 0.63157375478393725E-03 0.78946719347992163E-05 0.32801953294511539E+01
     242 0.63951797465282365E-03 0.79939746831602957E-05 0.32801952858271628E+01
     243 0.64756212050635898E-03 0.80945265063294869E-05 0.32801952410988249E+01
     244 0.65570744925869844E-03 0.81963431157337309E-05 0.32801951952381829E+01
     245 0.66395523363403208E-03 0.82994404204254013E-05 0.32801951482165750E+01
     246 0.67230676236544812E-03 0.84038345295681026E-05 0.32801951000046099E+01
     247 0.68076334039630275E-03 0.85095417549537854E-05 0.32801950505721531E+01
     248 0.68932628908411828E-03 0.86165786135514795E-05 0.32801949998883080E+01
     249 0.69799694640704799E-03 0.87249618300881009E-05 0.32801949479213972E+01
     250 0.70677666717293994E-03 0.88347083396617489E-05 0.32801948946389370E+01
     251 0.71566682323102556E-03 0.89458352903878198E-05 0.32801948400076251E+01
     252 0.72466880368627696E-03 0.90583600460784620E-05 0.32801947839933150E+01
     253 0.73378401511645433E-03 0.91723001889556798E-05 0.32801947265609970E+01
     254 0.74301388179188869E-03 0.92876735223986090E-05 0.32801946676747762E+01
     255 0.75235984589802662E-03 0.94044980737253334E-05 0.32801946072978412E+01
     256 0.76182336776077389E-03 0.95227920970096750E-05 0.32801945453924590E+01
     257 0.77140592607467589E-03 0.96425740759334497E-05 0.32801944819199340E+01
     258 0.78110901813396448E-03 0.97638627266745570E-05 0.32801944168405970E+01
     259 0.79093416006651481E-03 0.98866770008314358E-05 0.32801943501137671E+01
     260 0.80088288707074395E-03 0.10011036088384300E-04 0.32801942816977410E+01
     261 0.81095675365548648E-03 0.10136959420693580E-04 0.32801942115497571E+01
     262 0.82115733388289235E-03 0.10264466673536149E-04 0.32801941396259688E+01
     263 0.83148622161437506E-03 0.10393577770179690E-04 0.32801940658814219E+01
     264 0.84194503075965641E-03 0.10524312884495710E-04 0.32801939902700239E+01
     265 0.85253539552894474E-03 0.10656692444111809E-04 0.32801939127445161E+01
     266 0.86325897068828094E-03 0.10790737133603511E-04 0.32801938332564422E+01
     267 0.87411743181810156E-03 0.10926467897726269E-04 0.32801937517561170E+01
     268 0.88511247557504947E-03 0.11063905944688121E-04 0.32801936681926041E+01
     269 0.89624581995708091E-03 0.11203072749463510E-04 0.32801935825136721E+01
     270 0.90751920457190734E-03 0.11343990057148840E-04 0.32801934946657680E+01
     271 0.91893439090880982E-03 0.11486679886360120E-04 0.32801934045939860E+01
     272 0.93049316261387886E-03 0.11631164532673491E-04 0.32801933122420288E+01
     273 0.94219732576870930E-03 0.11777466572108871E-04 0.32801932175521711E+01
     274 0.95404870917260615E-03 0.11925608864657580E-04 0.32801931204652290E+01
     275 0.96604916462833870E-03 0.12075614557854230E-04 0.32801930209205219E+01
     276 0.97820056723148621E-03 0.12227507090393579E-04 0.32801929188558310E+01
     277 0.99050481566342863E-03 0.12381310195792860E-04 0.32801928142073620E+01
     278 0.10029638324880160E-02 0.12537047906100209E-04 0.32801927069097050E+01
     279 0.10155795644519760E-02 0.12694744555649699E-04 0.32801925968957981E+01
     280 0.10283539827890930E-02 0.12854424784863671E-04 0.32801924840968790E+01
     281 0.10412890835282240E-02 0.13016113544102801E-04 0.32801923684424441E+01
     282 0.10543868878051760E-02 0.13179836097564699E-04 0.32801922498602050E+01
     283 0.10676494421785140E-02 0.13345618027231420E-04 0.32801921282760440E+01
     284 0.10810788189493409E-02 0.13513485236866759E-04 0.32801920036139691E+01
     285 0.10946771164851020E-02 0.13683463956063769E-04 0.32801918757960609E+01
     286 0.11084464595474510E-02 0.13855580744343130E-04 0.32801917447424320E+01
     287 0.11223889996242560E-02 0.14029862495303201E-04 0.32801916103711650E+01
     288 0.11365069152657710E-02 0.14206336440822139E-04 0.32801914725982790E+01
     289 0.11508024124250371E-02 0.14385030155312970E-04 0.32801913313376589E+01
     290 0.11652777248025710E-02 0.14565971560032140E-04 0.32801911865010109E+01
     291 0.11799351141953799E-02 0.14749188927442261E-04 0.32801910379978132E+01
     292 0.11947768708503799E-02 0.14934710885629750E-04 0.32801908857352409E+01
     293 0.12098053138222429E-02 0.15122566422778030E-04 0.32801907296181292E+01
     294 0.12250227913357570E-02 0.15312784891696971E-04 0.32801905695488980E+01
     295 0.12404316811527470E-02 0.15505396014409340E-04 0.32801904054274988E+01
     296 0.12560343909435940E-02 0.15700429886794929E-04 0.32801902371513529E+01
     297 0.12718333586634490E-02 0.15897916983293111E-04 0.32801900646152808E+01
     298 0.12878310529331591E-02 0.16097888161664489E-04 0.32801898877114430E+01
     299 0.13040299734250031E-02 0.16300374667812539E-04 0.32801897063292689E+01
     300 0.13204326512532641E-02 0.16505408140665801E-04 0.32801895203553899E+01
     301 0.13370416493697240E-02 0.16713020617121560E-04 0.32801893296735671E+01
     302 0.13538595629641319E-02 0.16923244537051650E-04 0.32801891341646181E+01
     303 0.13708890198697011E-02 0.17136112748371261E-04 0.32801889337063410E+01
     304 0.13881326809737191E-02 0.17351658512171489E-04 0.32801887281734490E+01
     305 0.14055932406333181E-02 0.17569915507916480E-04 0.32801885174374741E+01
     306 0.14232734270964670E-02 0.17790917838705840E-04 0.32801883013666999E+01
     307 0.14411760029282730E-02 0.18014700036603410E-04 0.32801880798260790E+01
     308 0.14593037654426319E-02 0.18241297068032900E-04 0.32801878526771371E+01
     309 0.14776595471393170E-02 0.18470744339241459E-04 0.32801876197779052E+01
     310 0.14962462161465650E-02 0.18703077701832060E-04 0.32801873809828099E+01
     311 0.15150666766692209E-02 0.18938333458365271E-04 0.32801871361425992E+01
     312 0.15341238694425350E-02 0.19176548368031689E-04 0.32801868851042402E+01
     313 0.15534207721916490E-02 0.19417759652395611E-04 0.32801866277108260E+01
     314 0.15729604000968760E-02 0.19662005001210952E-04 0.32801863638014810E+01
     315 0.15927458062648320E-02 0.19909322578310399E-04 0.32801860932112499E+01
     316 0.16127800822054821E-02 0.20159751027568529E-04 0.32801858157710102E+01
     317 0.16330663583152040E-02 0.20413329478940061E-04 0.32801855313073518E+01
     318 0.16536078043659129E-02 0.20670097554573910E-04 0.32801852396424769E+01
     319 0.16744076300003439E-02 0.20930095375004299E-04 0.32801849405940868E+01
     320 0.16954690852335719E-02 0.21193363565419651E-04 0.32801846339752672E+01
     321 0.17167954609608261E-02 0.21459943262010322E-04 0.32801843195943730E+01
     322 0.17383900894717031E-02 0.21729876118396281E-04 0.32801839972549081E+01
     323 0.17602563449708420E-02 0.22003204312135531E-04 0.32801836667553999E+01
     324 0.17823976441051520E-02 0.22279970551314401E-04 0.32801833278892780E+01
     325 0.18048174464976681E-02 0.22560218081220851E-04 0.32801829804447400E+01
     326 0.18275192552881310E-02 0.22843990691101638E-04 0.32801826242046261E+01
     327 0.18505066176803490E-02 0.23131332721004369E-04 0.32801822589462750E+01
     328 0.18737831254964650E-02 0.23422289068705811E-04 0.32801818844413888E+01
     329 0.18973524157381810E-02 0.23716905196727271E-04 0.32801815004558939E+01
     330 0.19212181711550480E-02 0.24015227139438100E-04 0.32801811067497870E+01
     331 0.19453841208199091E-02 0.24317301510248861E-04 0.32801807030769932E+01
     332 0.19698540407115622E-02 0.24623175508894522E-04 0.32801802891852039E+01
     333 0.19946317543047759E-02 0.24932896928809691E-04 0.32801798648157270E+01
     334 0.20197211331677090E-02 0.25246514164596369E-04 0.32801794297033191E+01
     335 0.20451260975668530E-02 0.25564076219585661E-04 0.32801789835760249E+01
     336 0.20708506170795840E-02 0.25885632713494811E-04 0.32801785261550021E+01
     337 0.20968987112144131E-02 0.26211233890180159E-04 0.32801780571543500E+01
     338 0.21232744500390430E-02 0.26540930625488031E-04 0.32801775762809320E+01
     339 0.21499819548163259E-02 0.26874774435204079E-04 0.32801770832341912E+01
     340 0.21770253986482199E-02 0.27212817483102749E-04 0.32801765777059568E+01
     341 0.22044090071278470E-02 0.27555112589098099E-04 0.32801760593802629E+01
     342 0.22321370589997429E-02 0.27901713237496790E-04 0.32801755279331428E+01
     343 0.22602138868284259E-02 0.28252673585355329E-04 0.32801749830324298E+01
     344 0.22886438776753672E-02 0.28608048470942081E-04 0.32801744243375448E+01
     345 0.23174314737844739E-02 0.28967893422305930E-04 0.32801738514992920E+01
     346 0.23465811732762141E-02 0.29332264665952670E-04 0.32801732641596302E+01
     347 0.23760975308504341E-02 0.29701219135630431E-04 0.32801726619514602E+01
     348 0.24059851584980569E-02 0.30074814481225720E-04 0.32801720444983871E+01
     349 0.24362487262217110E-02 0.30453109077771390E-04 0.32801714114144871E+01
     350 0.24668929627654208E-02 0.30836162034567757E-04 0.32801707623040679E+01
     351 0.24979226563534990E-02 0.31224033204418732E-04 0.32801700967614211E+01
     352 0.25293426554386942E-02 0.31616783192983683E-04 0.32801694143705649E+01
     353 0.25611578694597899E-02 0.32014473368247373E-04 0.32801687147049909E+01
     354 0.25933732696087051E-02 0.32417165870108811E-04 0.32801679973273909E+01
     355 0.26259938896072530E-02 0.32824923620090663E-04 0.32801672617893889E+01
     356 0.26590248264936802E-02 0.33237810331171000E-04 0.32801665076312569E+01
     357 0.26924712414190749E-02 0.33655890517738437E-04 0.32801657343816282E+01
     358 0.27263383604538170E-02 0.34079229505672723E-04 0.32801649415572061E+01
     359 0.27606314754041578E-02 0.34507893442551977E-04 0.32801641286624581E+01
     360 0.27953559446390768E-02 0.34941949307988470E-04 0.32801632951893049E+01
     361 0.28305171939275449E-02 0.35381464924094312E-04 0.32801624406168122E+01
     362 0.28661207172862948E-02 0.35826508966078693E-04 0.32801615644108519E+01
     363 0.29021720778382898E-02 0.36277150972978617E-04 0.32801606660237779E+01
     364 0.29386769086819611E-02 0.36733461358524520E-04 0.32801597448940800E+01
     365 0.29756409137713970E-02 0.37195511422142461E-04 0.32801588004460340E+01
     366 0.30130698688075989E-02 0.37663373360094992E-04 0.32801578320893410E+01
     367 0.30509696221409418E-02 0.38137120276761767E-04 0.32801568392187610E+01
     368 0.30893460956849901E-02 0.38616826196062381E-04 0.32801558212137292E+01
     369 0.31282052858418118E-02 0.39102566073022657E-04 0.32801547774379740E+01
     370 0.31675532644389270E-02 0.39594415805486587E-04 0.32801537072391160E+01
     371 0.32073961796780510E-02 0.40092452245975649E-04 0.32801526099482632E+01
     372 0.32477402570957482E-02 0.40596753213696847E-04 0.32801514848795890E+01
     373 0.32885918005361951E-02 0.41107397506702438E-04 0.32801503313299061E+01
     374 0.33299571931361678E-02 0.41624464914202100E-04 0.32801491485782259E+01
     375 0.33718428983224150E-02 0.42148036229030203E-04 0.32801479358853110E+01
     376 0.34142554608215972E-02 0.42678193260269957E-04 0.32801466924932070E+01
     377 0.34572015076828879E-02 0.43215018846036099E-04 0.32801454176247762E+01
     378 0.35006877493134860E-02 0.43758596866418571E-04 0.32801441104832070E+01
     379 0.35447209805271190E-02 0.44309012256588992E-04 0.32801427702515151E+01
     380 0.35893080816057459E-02 0.44866351020071829E-04 0.32801413960920369E+01
     381 0.36344560193746320E-02 0.45430700242182900E-04 0.32801399871459060E+01
     382 0.36801718482909040E-02 0.46002148103636300E-04 0.32801385425325100E+01
     383 0.37264627115458390E-02 0.46580783894322993E-04 0.32801370613489471E+01
     384 0.37733358421809990E-02 0.47166698027262499E-04 0.32801355426694618E+01
     385 0.38207985642184131E-02 0.47759982052730160E-04 0.32801339855448610E+01
     386 0.38688582938049558E-02 0.48360728672561957E-04 0.32801323890019232E+01
     387 0.39175225403711642E-02 0.48969031754639552E-04 0.32801307520427909E+01
     388 0.39667989078045656E-02 0.49584986347557082E-04 0.32801290736443520E+01
     389 0.40166950956378282E-02 0.50208688695472847E-04 0.32801273527575892E+01
     390 0.40672189002518132E-02 0.50840236253147668E-04 0.32801255883069329E+01
     391 0.41183782160937798E-02 0.51479727701172249E-04 0.32801237791895859E+01
     392 0.41701810369109207E-02 0.52127262961386509E-04 0.32801219242748370E+01
     393 0.42226354569993773E-02 0.52782943212492218E-04 0.32801200224033509E+01
     394 0.42757496724690099E-02 0.53446870905862627E-04 0.32801180723864460E+01
     395 0.43295319825240449E-02 0.54119149781550567E-04 0.32801160730053520E+01
     396 0.43839907907598482E-02 0.54799884884498102E-04 0.32801140230104431E+01
     397 0.44391346064760083E-02 0.55489182580950098E-04 0.32801119211204628E+01
     398 0.44949720460059203E-02 0.56187150575073998E-04 0.32801097660217251E+01
     399 0.45515118340631131E-02 0.56893897925788918E-04 0.32801075563672830E+01
     400 0.46087628051045002E-02 0.57609535063806247E-04 0.32801052907761021E+01
     401 0.46667339047107830E-02 0.58334173808884793E-04 0.32801029678321809E+01
     402 0.47254341909842229E-02 0.59067927387302791E-04 0.32801005860836798E+01
     403 0.47848728359639759E-02 0.59810910449549700E-04 0.32800981440420061E+01
     404 0.48450591270592473E-02 0.60563239088240602E-04 0.32800956401808850E+01
     405 0.49060024685004724E-02 0.61325030856255891E-04 0.32800930729354079E+01
     406 0.49677123828087326E-02 0.62096404785109169E-04 0.32800904407010552E+01
     407 0.50301985122837038E-02 0.62877481403546300E-04 0.32800877418326890E+01
     408 0.50934706205102362E-02 0.63668382756377958E-04 0.32800849746435259E+01
     409 0.51575385938839704E-02 0.64469232423549627E-04 0.32800821374040909E+01
     410 0.52224124431560926E-02 0.65280155539451163E-04 0.32800792283411280E+01
     411 0.52881023049975344E-02 0.66101278812469175E-04 0.32800762456364909E+01
     412 0.53546184435828634E-02 0.66932730544785787E-04 0.32800731874260181E+01
     413 0.54219712521940584E-02 0.67774640652425728E-04 0.32800700517983530E+01
     414 0.54901712548444948E-02 0.68627140685556187E-04 0.32800668367937642E+01
     415 0.55592291079233410E-02 0.69490363849041771E-04 0.32800635404029088E+01
     416 0.56291556018606354E-02 0.70364445023257929E-04 0.32800601605655850E+01
     417 0.56999616628133293E-02 0.71249520785166614E-04 0.32800566951694439E+01
     418 0.57716583543725017E-02 0.72145729429656279E-04 0.32800531420486601E+01
     419 0.58442568792920757E-02 0.73053210991150949E-04 0.32800494989825948E+01
     420 0.59177685812392706E-02 0.73972107265490885E-04 0.32800457636943929E+01
     421 0.59922049465670740E-02 0.74902561832088430E-04 0.32800419338495699E+01
     422 0.60675776061090174E-02 0.75844720076362728E-04 0.32800380070545510E+01
     423 0.61438983369965002E-02 0.76798729212456253E-04 0.32800339808551700E+01
     424 0.62211790644989950E-02 0.77764738306237445E-04 0.32800298527351450E+01
     425 0.62994318638874064E-02 0.78742898298592588E-04 0.32800256201145022E+01
     426 0.63786689623208373E-02 0.79733362029010466E-04 0.32800212803479578E+01
     427 0.64589027407571404E-02 0.80736284259464255E-04 0.32800168307232811E+01
     428 0.65401457358874246E-02 0.81751821698592818E-04 0.32800122684595769E+01
     429 0.66224106420949731E-02 0.82780133026187170E-04 0.32800075907055710E+01
     430 0.67057103134387473E-02 0.83821378917984347E-04 0.32800027945378138E+01
     431 0.67900577656618642E-02 0.84875722070773307E-04 0.32799978769588609E+01
     432 0.68754661782253496E-02 0.85943327227816892E-04 0.32799928348953991E+01
     433 0.69619488963674299E-02 0.87024361204592873E-04 0.32799876651963191E+01
     434 0.70495194331887624E-02 0.88118992914859530E-04 0.32799823646307611E+01
     435 0.71381914717638887E-02 0.89227393397048611E-04 0.32799769298860828E+01
     436 0.72279788672792349E-02 0.90349735840990447E-04 0.32799713575657989E+01
     437 0.73188956491980380E-02 0.91486195614975483E-04 0.32799656441874530E+01
     438 0.74109560234524368E-02 0.92636950293155471E-04 0.32799597861804441E+01
     439 0.75041743746632073E-02 0.93802179683290091E-04 0.32799537798838001E+01
     440 0.75985652683873790E-02 0.94982065854842243E-04 0.32799476215438839E+01
     441 0.76941434533941318E-02 0.96176793167426658E-04 0.32799413073120540E+01
     442 0.77909238639693396E-02 0.97386548299616761E-04 0.32799348332422569E+01
     443 0.78889216222490528E-02 0.98611520278113162E-04 0.32799281952885631E+01
     444 0.79881520405823761E-02 0.99851900507279709E-04 0.32799213893026420E+01
     445 0.80886306239240629E-02 0.10110788279905080E-03 0.32799144110311631E+01
     446 0.81903730722571767E-02 0.10237966340321470E-03 0.32799072561131499E+01
     447 0.82933952830462829E-02 0.10366744103807850E-03 0.32798999200772481E+01
     448 0.83977133537214074E-02 0.10497141692151760E-03 0.32798923983389350E+01
     449 0.85033435841933309E-02 0.10629179480241661E-03 0.32798846861976561E+01
     450 0.86103024794004727E-02 0.10762878099250590E-03 0.32798767788338878E+01
     451 0.87186067518878092E-02 0.10898258439859760E-03 0.32798686713061289E+01
     452 0.88282733244182798E-02 0.11035341655522849E-03 0.32798603585478121E+01
     453 0.89393193326169525E-02 0.11174149165771190E-03 0.32798518353641422E+01
     454 0.90517621276485320E-02 0.11314702659560670E-03 0.32798430964288472E+01
     455 0.91656192789285086E-02 0.11457024098660640E-03 0.32798341362808570E+01
     456 0.92809085768684081E-02 0.11601135721085510E-03 0.32798249493208900E+01
     457 0.93976480356556084E-02 0.11747060044569510E-03 0.32798155298079550E+01
     458 0.95158558960680411E-02 0.11894819870085051E-03 0.32798058718557672E+01
     459 0.96355506283243957E-02 0.12044438285405501E-03 0.32797959694290730E+01
     460 0.97567509349701046E-02 0.12195938668712630E-03 0.32797858163398770E+01
     461 0.98794757537996585E-02 0.12349344692249569E-03 0.32797754062435849E+01
     462 0.10003744260815701E-01 0.12504680326019631E-03 0.32797647326350341E+01
     463 0.10129575873225270E-01 0.12661969841531591E-03 0.32797537888444350E+01
     464 0.10256990252473820E-01 0.12821237815592270E-03 0.32797425680332082E+01
     465 0.10386007307317320E-01 0.12982509134146651E-03 0.32797310631897050E+01
     466 0.10516647196933080E-01 0.13145808996166351E-03 0.32797192671248441E+01
     467 0.10648930334069650E-01 0.13311162917587071E-03 0.32797071724676088E+01
     468 0.10782877388236340E-01 0.13478596735295431E-03 0.32796947716604539E+01
     469 0.10918509288932879E-01 0.13648136611166099E-03 0.32796820569545790E+01
     470 0.11055847228919689E-01 0.13819809036149611E-03 0.32796690204051000E+01
     471 0.11194912667529301E-01 0.13993640834411629E-03 0.32796556538660808E+01
     472 0.11335727334019450E-01 0.14169659167524319E-03 0.32796419489854518E+01
     473 0.11478313230968261E-01 0.14347891538710330E-03 0.32796278971997941E+01
     474 0.11622692637712220E-01 0.14528365797140280E-03 0.32796134897289919E+01
     475 0.11768888113827380E-01 0.14711110142284219E-03 0.32795987175707610E+01
     476 0.11916922502654290E-01 0.14896153128317869E-03 0.32795835714950119E+01
     477 0.12066818934867430E-01 0.15083523668584290E-03 0.32795680420381061E+01
     478 0.12218600832089270E-01 0.15273251040111589E-03 0.32795521194969330E+01
     479 0.12372291910550060E-01 0.15465364888187579E-03 0.32795357939228702E+01
     480 0.12527916184793500E-01 0.15659895230991881E-03 0.32795190551155580E+01
     481 0.12685497971429050E-01 0.15856872464286309E-03 0.32795018926165431E+01
     482 0.12845061892931480E-01 0.16056327366164349E-03 0.32794842957027450E+01
     483 0.13006632881488170E-01 0.16258291101860220E-03 0.32794662533797760E+01
     484 0.13170236182894800E-01 0.16462795228618500E-03 0.32794477543750582E+01
     485 0.13335897360500049E-01 0.16669871700625069E-03 0.32794287871308110E+01
     486 0.13503642299199960E-01 0.16879552873999960E-03 0.32794093397968260E+01
     487 0.13673497209482520E-01 0.17091871511853150E-03 0.32793894002230810E+01
     488 0.13845488631522990E-01 0.17306860789403740E-03 0.32793689559521439E+01
     489 0.14019643439331011E-01 0.17524554299163761E-03 0.32793479942114230E+01
     490 0.14195988844949610E-01 0.17744986056187021E-03 0.32793265019051732E+01
     491 0.14374552402707189E-01 0.17968190503383981E-03 0.32793044656063470E+01
     492 0.14555362013522951E-01 0.18194202516903690E-03 0.32792818715482022E+01
     493 0.14738445929266439E-01 0.18423057411583049E-03 0.32792587056157272E+01
     494 0.14923832757171979E-01 0.18654790946464979E-03 0.32792349533368230E+01
     495 0.15111551464308610E-01 0.18889439330385761E-03 0.32792105998732888E+01
     496 0.15301631382106200E-01 0.19127039227632750E-03 0.32791856300115541E+01
     497 0.15494102210938681E-01 0.19367627763673350E-03 0.32791600281532030E+01
     498 0.15688994024764608E-01 0.19611242530955770E-03 0.32791337783052348E+01
     499 0.15886337275826421E-01 0.19857921594783020E-03 0.32791068640701000E+01
     500 0.16086162799408579E-01 0.20107703499260720E-03 0.32790792686354671E+01
     501 0.16288501818655678E-01 0.20360627273319600E-03 0.32790509747637442E+01
     502 0.16493385949451180E-01 0.20616732436813971E-03 0.32790219647813270E+01
     503 0.16700847205357330E-01 0.20876059006696670E-03 0.32789922205675852E+01
     504 0.16910918002617459E-01 0.21138647503271831E-03 0.32789617235435600E+01
     505 0.17123631165221032E-01 0.21404538956526289E-03 0.32789304546603839E+01
     506 0.17339019930032441E-01 0.21673774912540561E-03 0.32788983943874110E+01
     507 0.17557117951984461E-01 0.21946397439980570E-03 0.32788655227000341E+01
     508 0.17777959309336702E-01 0.22222449136670880E-03 0.32788318190672090E+01
     509 0.18001578509000561E-01 0.22501973136250709E-03 0.32787972624386619E+01
     510 0.18228010491930950E-01 0.22785013114913689E-03 0.32787618312317681E+01
     511 0.18457290638585869E-01 0.23071613298232340E-03 0.32787255033181002E+01
     512 0.18689454774454731E-01 0.23361818468068421E-03 0.32786882560096440E+01
     513 0.18924539175656091E-01 0.23655673969570111E-03 0.32786500660446669E+01
     514 0.19162580574605920E-01 0.23953225718257399E-03 0.32786109095732159E+01
     515 0.19403616165757111E-01 0.24254520207196389E-03 0.32785707621422659E+01
     516 0.19647683611411140E-01 0.24559604514263919E-03 0.32785295986804979E+01
     517 0.19894821047602991E-01 0.24868526309503741E-03 0.32784873934826622E+01
     518 0.20145067090059861E-01 0.25181333862574830E-03 0.32784441201935910E+01
     519 0.20398460840235010E-01 0.25498076050293773E-03 0.32783997517917758E+01
     520 0.20655041891417439E-01 0.25818802364271801E-03 0.32783542605725460E+01
     521 0.20914850334918390E-01 0.26143562918648001E-03 0.32783076181308162E+01
     522 0.21177926766335790E-01 0.26472408457919741E-03 0.32782597953434069E+01
     523 0.21444312291897250E-01 0.26805390364871567E-03 0.32782107623509149E+01
     524 0.21714048534883120E-01 0.27142560668603902E-03 0.32781604885391320E+01
     525 0.21987177642130130E-01 0.27483972052662662E-03 0.32781089425199830E+01
     526 0.22263742290616971E-01 0.27829677863271211E-03 0.32780560921120090E+01
     527 0.22543785694132672E-01 0.28179732117665837E-03 0.32780019043203259E+01
     528 0.22827351610028770E-01 0.28534189512535962E-03 0.32779463453161162E+01
     529 0.23114484346056539E-01 0.28893105432570672E-03 0.32778893804155680E+01
     530 0.23405228767290169E-01 0.29256535959112711E-03 0.32778309740583178E+01
     531 0.23699630303136970E-01 0.29624537878921218E-03 0.32777710897853218E+01
     532 0.23997734954435940E-01 0.29997168693044921E-03 0.32777096902161968E+01
     533 0.24299589300645300E-01 0.30374486625806631E-03 0.32776467370259721E+01
     534 0.24605240507120790E-01 0.30756550633900988E-03 0.32775821909212670E+01
     535 0.24914736332485261E-01 0.31143420415606578E-03 0.32775160116158650E+01
     536 0.25228125136091101E-01 0.31535156420113873E-03 0.32774481578056789E+01
     537 0.25545455885576478E-01 0.31931819856970611E-03 0.32773785871430841E+01
     538 0.25866778164516619E-01 0.32333472705645778E-03 0.32773072562106069E+01
     539 0.26192142180171341E-01 0.32740177725214178E-03 0.32772341204939548E+01
     540 0.26521598771330038E-01 0.33151998464162551E-03 0.32771591343543669E+01
     541 0.26855199416255339E-01 0.33568999270319169E-03 0.32770822510002748E+01
     542 0.27192996240726790E-01 0.33991245300908477E-03 0.32770034224582432E+01
     543 0.27535042026185421E-01 0.34418802532731782E-03 0.32769225995431901E+01
     544 0.27881390217981129E-01 0.34851737772476418E-03 0.32768397318278630E+01
     545 0.28232094933723539E-01 0.35290118667154419E-03 0.32767547676115409E+01
     546 0.28587210971737949E-01 0.35734013714672441E-03 0.32766676538879511E+01
     547 0.28946793819627840E-01 0.36183492274534813E-03 0.32765783363123870E+01
     548 0.29310899662944780E-01 0.36638624578680981E-03 0.32764867591680140E+01
     549 0.29679585393967530E-01 0.37099481742459408E-03 0.32763928653312999E+01
     550 0.30052908620591672E-01 0.37566135775739593E-03 0.32762965962366102E+01
     551 0.30430927675330881E-01 0.38038659594163602E-03 0.32761978918399008E+01
     552 0.30813701624431582E-01 0.38517127030539467E-03 0.32760966905815110E+01
     553 0.31201290277102060E-01 0.39001612846377578E-03 0.32759929293480141E+01
     554 0.31593754194857868E-01 0.39492192743572339E-03 0.32758865434331268E+01
     555 0.31991154700984598E-01 0.39988943376230760E-03 0.32757774664976309E+01
     556 0.32393553890119858E-01 0.40491942362649830E-03 0.32756656305283012E+01
     557 0.32801014637955657E-01 0.41001268297444568E-03 0.32755509657958011E+01
     558 0.33213600611062842E-01 0.41517000763828548E-03 0.32754334008115280E+01
     559 0.33631376276839077E-01 0.42039220346048848E-03 0.32753128622833829E+01
     560 0.34054406913582143E-01 0.42568008641977677E-03 0.32751892750704368E+01
     561 0.34482758620689648E-01 0.43103448275862068E-03 0.32750625621364571E+01
     562 0.34916498328987397E-01 0.43645622911234259E-03 0.32749326445022882E+01
     563 0.35355693811187222E-01 0.44194617263984022E-03 0.32747994411970369E+01
     564 0.35800413692476753E-01 0.44750517115595942E-03 0.32746628692080360E+01
     565 0.36250727461242242E-01 0.45313409326552801E-03 0.32745228434295761E+01
     566 0.36706705479926181E-01 0.45883381849907729E-03 0.32743792766103459E+01
     567 0.37168418996021788E-01 0.46460523745027238E-03 0.32742320792995718E+01
     568 0.37635940153205240E-01 0.47044925191506548E-03 0.32740811597918138E+01
     569 0.38109342002608557E-01 0.47636677503260698E-03 0.32739264240703960E+01
     570 0.38588698514233841E-01 0.48235873142792301E-03 0.32737677757494148E+01
     571 0.39074084588511263E-01 0.48842605735639072E-03 0.32736051160143238E+01
     572 0.39565576068002498E-01 0.49456970085003126E-03 0.32734383435610330E+01
     573 0.40063249749251163E-01 0.50079062186563948E-03 0.32732673545334952E+01
     574 0.40567183394782450E-01 0.50708979243478062E-03 0.32730920424597509E+01
     575 0.41077455745253760E-01 0.51346819681567205E-03 0.32729122981863830E+01
     576 0.41594146531757963E-01 0.51992683164697447E-03 0.32727280098113432E+01
     577 0.42117336488281733E-01 0.52646670610352164E-03 0.32725390626151190E+01
     578 0.42647107364320182E-01 0.53308884205400229E-03 0.32723453389901991E+01
     579 0.43183541937650519E-01 0.53979427422063146E-03 0.32721467183687829E+01
     580 0.43726724027266219E-01 0.54658405034082778E-03 0.32719430771487188E+01
     581 0.44276738506473838E-01 0.55345923133092302E-03 0.32717342886175920E+01
     582 0.44833671316154872E-01 0.56042089145193587E-03 0.32715202228749560E+01
     583 0.45397609478193858E-01 0.56747011847742333E-03 0.32713007467526301E+01
     584 0.45968641109075982E-01 0.57460801386344977E-03 0.32710757237330390E+01
     585 0.46546855433655311E-01 0.58183569292069137E-03 0.32708450138655429E+01
     586 0.47132342799096422E-01 0.58915428498870531E-03 0.32706084736806909E+01
     587 0.47725194688991439E-01 0.59656493361239307E-03 0.32703659561023808E+01
     588 0.48325503737654270E-01 0.60406879672067839E-03 0.32701173103578509E+01
     589 0.48933363744595101E-01 0.61166704680743877E-03 0.32698623818854569E+01
     590 0.49548869689176739E-01 0.61936087111470924E-03 0.32696010122401882E+01
     591 0.50172117745455207E-01 0.62715147181819026E-03 0.32693330389968640E+01
     592 0.50803205297207443E-01 0.63504006621509311E-03 0.32690582956509600E+01
     593 0.51442230953147268E-01 0.64302788691434091E-03 0.32687766115169890E+01
     594 0.52089294562333563E-01 0.65111618202916960E-03 0.32684878116244200E+01
     595 0.52744497229771717E-01 0.65930621537214646E-03 0.32681917166110330E+01
     596 0.53407941332211488E-01 0.66759926665264360E-03 0.32678881426136690E+01
     597 0.54079730534143763E-01 0.67599663167679713E-03 0.32675769011563198E+01
     598 0.54759969803998068E-01 0.68449962254997585E-03 0.32672577990354892E+01
     599 0.55448765430544271E-01 0.69310956788180345E-03 0.32669306382027532E+01
     600 0.56146225039500383E-01 0.70182781299375481E-03 0.32665952156444629E+01
     601 0.56852457610349252E-01 0.71065572012936557E-03 0.32662513232585382E+01
     602 0.57567573493366997E-01 0.71959466866708757E-03 0.32658987477282420E+01
     603 0.58291684426865227E-01 0.72864605533581547E-03 0.32655372703929171E+01
     604 0.59024903554650530E-01 0.73781129443313163E-03 0.32651666671155750E+01
     605 0.59767345443703317E-01 0.74709181804629159E-03 0.32647867081472892E+01
     606 0.60519126102079261E-01 0.75648907627599079E-03 0.32643971579882969E+01
     607 0.61280362997035820E-01 0.76600453746294777E-03 0.32639977752457709E+01
     608 0.62051175073386533E-01 0.77563968841733166E-03 0.32635883124881309E+01
     609 0.62831682772086547E-01 0.78539603465108186E-03 0.32631685160958730E+01
     610 0.63622008049051756E-01 0.79527510061314696E-03 0.32627381261087920E+01
     611 0.64422274394214565E-01 0.80527842992768209E-03 0.32622968760695472E+01
     612 0.65232606850819663E-01 0.81540758563524579E-03 0.32618444928634678E+01
     613 0.66053132034961951E-01 0.82566415043702442E-03 0.32613806965545309E+01
     614 0.66883978155370866E-01 0.83604972694213589E-03 0.32609052002174068E+01
     615 0.67725275033443055E-01 0.84656593791803823E-03 0.32604177097654961E+01
     616 0.68577154123527301E-01 0.85721442654409130E-03 0.32599179237748781E+01
     617 0.69439748533464726E-01 0.86799685666830910E-03 0.32594055333040570E+01
     618 0.70313193045386746E-01 0.87891491306733437E-03 0.32588802217094299E+01
     619 0.71197624136775439E-01 0.88997030170969306E-03 0.32583416644563798E+01
     620 0.72093180001788174E-01 0.90116475002235226E-03 0.32577895289258958E+01
     621 0.73000000572850859E-01 0.91250000716063581E-03 0.32572234742166160E+01
     622 0.73918227542522738E-01 0.92397784428153431E-03 0.32566431509422200E+01
     623 0.74848004385635963E-01 0.93560005482044959E-03 0.32560482010240230E+01
     624 0.75789476381713905E-01 0.94736845477142383E-03 0.32554382574787271E+01
     625 0.76742790637671351E-01 0.95928488297089196E-03 0.32548129442011819E+01
     626 0.77708096110800290E-01 0.97135120138500369E-03 0.32541718757420579E+01
     627 0.78685543632044969E-01 0.98356929540056219E-03 0.32535146570803399E+01
     628 0.79675285929569128E-01 0.99594107411961406E-03 0.32528408833905180E+01
     629 0.80677477652620413E-01 0.10084684706577550E-02 0.32521501398043720E+01
     630 0.81692275395694541E-01 0.10211534424461820E-02 0.32514420011672280E+01
     631 0.82719837723003384E-01 0.10339979715375421E-02 0.32507160317885879E+01
     632 0.83760325193251328E-01 0.10470040649156419E-02 0.32499717851869958E+01
     633 0.84813900384722446E-01 0.10601737548090310E-02 0.32492088038290512E+01
     634 0.85880727920683866E-01 0.10735090990085479E-02 0.32484266188624180E+01
     635 0.86960974495108617E-01 0.10870121811888580E-02 0.32476247498427449E+01
     636 0.88054808898721609E-01 0.11006851112340199E-02 0.32468027044543470E+01
     637 0.89162402045374026E-01 0.11145300255671750E-02 0.32459599782245272E+01
     638 0.90283926998748334E-01 0.11285490874843539E-02 0.32450960542314471E+01
     639 0.91419558999400269E-01 0.11427444874925030E-02 0.32442104028053671E+01
     640 0.92569475492140424E-01 0.11571184436517550E-02 0.32433024812231830E+01
     641 0.93733856153760176E-01 0.11716732019220019E-02 0.32423717333960940E+01
     642 0.94912882921107139E-01 0.11864110365138391E-02 0.32414175895502821E+01
     643 0.96106740019512124E-01 0.12013342502439021E-02 0.32404394659004838E+01
     644 0.97315613991575844E-01 0.12164451748946979E-02 0.32394367643163160E+01
     645 0.98539693726316060E-01 0.12317461715789511E-02 0.32384088719812119E+01
     646 0.99779170488681415E-01 0.12472396311085179E-02 0.32373551610438618E+01
     647 0.10103423794943810E+00 0.12629279743679759E-02 0.32362749882619939E+01
     648 0.10230509221542999E+00 0.12788136526928750E-02 0.32351676946383821E+01
     649 0.10359193186022179E+00 0.12948991482527720E-02 0.32340326050489470E+01
     650 0.10489495795512641E+00 0.13111869744390800E-02 0.32328690278627921E+01
     651 0.10621437410062180E+00 0.13276796762577720E-02 0.32316762545540811E+01
     652 0.10755038645816541E+00 0.13443798307270669E-02 0.32304535593055799E+01
     653 0.10890320378240580E+00 0.13612900472800729E-02 0.32292001986037469E+01
     654 0.11027303745380260E+00 0.13784129681725320E-02 0.32279154108252541E+01
     655 0.11166010151165390E+00 0.13957512688956739E-02 0.32265984158147631E+01
     656 0.11306461268754051E+00 0.14133076585942561E-02 0.32252484144538829E+01
     657 0.11448679043919140E+00 0.14310848804898930E-02 0.32238645882211059E+01
     658 0.11592685698477349E+00 0.14490857123096680E-02 0.32224460987426662E+01
     659 0.11738503733761441E+00 0.14673129667201799E-02 0.32209920873341278E+01
     660 0.11886155934136131E+00 0.14857694917670161E-02 0.32195016745326170E+01
     661 0.12035665370558070E+00 0.15044581713197589E-02 0.32179739596195600E+01
     662 0.12187055404180940E+00 0.15233819255226180E-02 0.32164080201337990E+01
     663 0.12340349690005450E+00 0.15425437112506809E-02 0.32148029113749752E+01
     664 0.12495572180575661E+00 0.15619465225719571E-02 0.32131576658970520E+01
     665 0.12652747129721539E+00 0.15815933912151920E-02 0.32114712929918858E+01
     666 0.12811899096348631E+00 0.16014873870435790E-02 0.32097427781627021E+01
     667 0.12973052948275571E+00 0.16216316185344460E-02 0.32079710825874139E+01
     668 0.13136233866119529E+00 0.16420292332649409E-02 0.32061551425716339E+01
     669 0.13301467347230941E+00 0.16626834184038681E-02 0.32042938689913352E+01
     670 0.13468779209677431E+00 0.16835974012096790E-02 0.32023861467250292E+01
     671 0.13638195596277849E+00 0.17047744495347320E-02 0.32004308340754100E+01
     672 0.13809742978687339E+00 0.17262178723359181E-02 0.31984267621803602E+01
     673 0.13983448161533371E+00 0.17479310201916709E-02 0.31963727344132882E+01
     674 0.14159338286604181E+00 0.17699172858255221E-02 0.31942675257726831E+01
     675 0.14337440837089691E+00 0.17921801046362120E-02 0.31921098822608931E+01
     676 0.14517783641875720E+00 0.18147229552344650E-02 0.31898985202520400E+01
     677 0.14700394879892489E+00 0.18375493599865609E-02 0.31876321258490639E+01
     678 0.14885303084517401E+00 0.18606628855646740E-02 0.31853093542298732E+01
     679 0.15072537148033641E+00 0.18840671435042060E-02 0.31829288289825741E+01
     680 0.15262126326144609E+00 0.19077657907680770E-02 0.31804891414298129E+01
     681 0.15454100242545049E+00 0.19317625303181311E-02 0.31779888499422229E+01
     682 0.15648488893550019E+00 0.19560611116937530E-02 0.31754264792410161E+01
     683 0.15845322652781690E+00 0.19806653315977110E-02 0.31728005196897819E+01
     684 0.16044632275915410E+00 0.20055790344894260E-02 0.31701094265755319E+01
     685 0.16246448905485331E+00 0.20308061131856662E-02 0.31673516193791031E+01
     686 0.16450804075750350E+00 0.20563505094687942E-02 0.31645254810349890E+01
     687 0.16657729717621669E+00 0.20822162147027079E-02 0.31616293571807579E+01
     688 0.16867258163651749E+00 0.21084072704564681E-02 0.31586615553961712E+01
     689 0.17079422153086599E+00 0.21349277691358240E-02 0.31556203444321911E+01
     690 0.17294254836981249E+00 0.21617818546226571E-02 0.31525039534300618E+01
     691 0.17511789783379589E+00 0.21889737229224492E-02 0.31493105711306830E+01
     692 0.17732060982559619E+00 0.22165076228199531E-02 0.31460383450745280E+01
     693 0.17955102852344310E+00 0.22443878565430388E-02 0.31426853807923791E+01
     694 0.18180950243479621E+00 0.22726187804349529E-02 0.31392497409871898E+01
     695 0.18409638445079929E+00 0.23012048056349908E-02 0.31357294447074282E+01
     696 0.18641203190141961E+00 0.23301503987677450E-02 0.31321224665122491E+01
     697 0.18875680661128291E+00 0.23594600826410371E-02 0.31284267356289570E+01
     698 0.19113107495620771E+00 0.23891384369525968E-02 0.31246401351031658E+01
     699 0.19353520792045359E+00 0.24191900990056699E-02 0.31207605009421848E+01
     700 0.19596958115468779E+00 0.24496197644335981E-02 0.31167856212521801E+01
     701 0.19843457503468040E+00 0.24804321879335050E-02 0.31127132353696600E+01
     702 0.20093057472074069E+00 0.25116321840092590E-02 0.31085410329879730E+01
     703 0.20345797021789719E+00 0.25432246277237152E-02 0.31042666532794789E+01
     704 0.20601715643683871E+00 0.25752144554604841E-02 0.30998876840141460E+01
     705 0.20860853325561901E+00 0.26076066656952369E-02 0.30954016606754000E+01
     706 0.21123250558213749E+00 0.26404063197767191E-02 0.30908060655740659E+01
     707 0.21388948341740940E+00 0.26736185427176169E-02 0.30860983269613560E+01
     708 0.21657988191962640E+00 0.27072485239953300E-02 0.30812758181418940E+01
     709 0.21930412146902861E+00 0.27413015183628581E-02 0.30763358565878640E+01
     710 0.22206262773358840E+00 0.27757828466698550E-02 0.30712757030554192E+01
     711 0.22485583173552109E+00 0.28106978966940142E-02 0.30660925607045990E+01
     712 0.22768416991863569E+00 0.28460521239829458E-02 0.30607835742240508E+01
     713 0.23054808421652659E+00 0.28818510527065830E-02 0.30553458289619839E+01
     714 0.23344802212163010E+00 0.29181002765203772E-02 0.30497763500648190E+01
     715 0.23638443675514420E+00 0.29548054594393030E-02 0.30440721016251748E+01
     716 0.23935778693782880E+00 0.29919723367228600E-02 0.30382299858408461E+01
     717 0.24236853726169999E+00 0.30296067157712498E-02 0.30322468421866020E+01
     718 0.24541715816262061E+00 0.30677144770327579E-02 0.30261194466007280E+01
     719 0.24850412599380911E+00 0.31063015749226140E-02 0.30198445106883240E+01
     720 0.25162992310027021E+00 0.31453740387533779E-02 0.30134186809435519E+01
     721 0.25479503789416041E+00 0.31849379736770050E-02 0.30068385379931080E+01
     722 0.25799996493110638E+00 0.32249995616388302E-02 0.30001005958633442E+01
     723 0.26124520498747761E+00 0.32655650623434700E-02 0.29932013012736198E+01
     724 0.26453126513863551E+00 0.33066408142329428E-02 0.29861370329586219E+01
     725 0.26785865883816468E+00 0.33482332354770588E-02 0.29789041010224779E+01
     726 0.27122790599809971E+00 0.33903488249762471E-02 0.29714987463277800E+01
     727 0.27463953307016492E+00 0.34329941633770610E-02 0.29639171399226520E+01
     728 0.27809407312803019E+00 0.34761759141003780E-02 0.29561553825093179E+01
     729 0.28159206595060848E+00 0.35199008243826059E-02 0.29482095039577101E+01
     730 0.28513405810639558E+00 0.35641757263299460E-02 0.29400754628678918E+01
     731 0.28872060303887120E+00 0.36090075379858898E-02 0.29317491461852971E+01
     732 0.29235226115297869E+00 0.36544032644122339E-02 0.29232263688729252E+01
     733 0.29602959990268612E+00 0.37003699987835760E-02 0.29145028736449490E+01
     734 0.29975319387965521E+00 0.37469149234956901E-02 0.29055743307663269E+01
     735 0.30352362490302109E+00 0.37940453112877640E-02 0.28964363379233289E+01
     736 0.30734148211030132E+00 0.38417685263787658E-02 0.28870844201700692E+01
     737 0.31120736204945282E+00 0.38900920256181599E-02 0.28775140299564401E+01
     738 0.31512186877208032E+00 0.39390233596510033E-02 0.28677205472431120E+01
     739 0.31908561392782381E+00 0.39885701740977973E-02 0.28576992797094718E+01
     740 0.32309921685992882E+00 0.40387402107491107E-02 0.28474454630607950E+01
     741 0.32716330470201821E+00 0.40895413087752271E-02 0.28369542614410861E+01
     742 0.33127851247608658E+00 0.41409814059510828E-02 0.28262207679584632E+01
     743 0.33544548319172018E+00 0.41930685398965028E-02 0.28152400053302200E+01
     744 0.33966486794657169E+00 0.42458108493321472E-02 0.28040069266550312E+01
     745 0.34393732602809401E+00 0.42992165753511754E-02 0.27925164163201330E+01
     746 0.34826352501655361E+00 0.43532940627069193E-02 0.27807632910516600E+01
     747 0.35264414088934509E+00 0.44080517611168142E-02 0.27687423011166610E+01
     748 0.35707985812661019E+00 0.44634982265826274E-02 0.27564481316857341E+01
     749 0.36157136981819210E+00 0.45196421227274011E-02 0.27438754043655611E+01
     750 0.36611937777193138E+00 0.45764922221491434E-02 0.27310186789110871E+01
     751 0.37072459262332258E+00 0.46340574077915328E-02 0.27178724551274209E+01
     752 0.37538773394655689E+00 0.46923466743319618E-02 0.27044311749720178E+01
     753 0.38010953036695189E+00 0.47513691295868986E-02 0.26906892248681209E+01
     754 0.38489071967480559E+00 0.48111339959350709E-02 0.26766409382408520E+01
     755 0.38973204894067548E+00 0.48716506117584442E-02 0.26622805982878388E+01
     756 0.39463427463210771E+00 0.49329284329013463E-02 0.26476024409967112E+01
     757 0.39959816273184151E+00 0.49949770341480189E-02 0.26326006584222301E+01
     758 0.40462448885749008E+00 0.50578061107186267E-02 0.26172694022363800E+01
     759 0.40971403838273779E+00 0.51214254797842234E-02 0.26016027875651480E+01
     760 0.41486760656005311E+00 0.51858450820006638E-02 0.25855948971262639E+01
     761 0.42008599864494728E+00 0.52510749830618417E-02 0.25692397856826918E+01
     762 0.42537003002180229E+00 0.53171253752725290E-02 0.25525314848270511E+01
     763 0.43072052633126939E+00 0.53840065791408674E-02 0.25354640081128590E+01
     764 0.43613832359928351E+00 0.54517290449910454E-02 0.25180313565487582E+01
     765 0.44162426836769109E+00 0.55203033545961388E-02 0.25002275244725909E+01
     766 0.44717921782652192E+00 0.55897402228315234E-02 0.24820465058226082E+01
     767 0.45280403994793211E+00 0.56600504993491512E-02 0.24634823008235669E+01
     768 0.45849961362182029E+00 0.57312451702727536E-02 0.24445289231061071E+01
     769 0.46426682879316239E+00 0.58033353599145302E-02 0.24251804072780829E+01
     770 0.47010658660106092E+00 0.58763323325132606E-02 0.24054308169672511E+01
     771 0.47601979951955498E+00 0.59502474939944379E-02 0.23852742533549218E+01
     772 0.48200739150019473E+00 0.60250923937524344E-02 0.23647048642208750E+01
     773 0.48807029811640718E+00 0.61008787264550902E-02 0.23437168535200850E+01
     774 0.49420946670968791E+00 0.61776183338710993E-02 0.23223044915122770E+01
     775 0.50042585653761806E+00 0.62553232067202261E-02 0.23004621254657689E+01
     776 0.50672043892375662E+00 0.63340054865469583E-02 0.22781841909572522E+01
     777 0.51309419740940865E+00 0.64136774676176083E-02 0.22554652237896100E+01
     778 0.51954812790730320E+00 0.64943515988412914E-02 0.22322998725500738E+01
     779 0.52608323885721309E+00 0.65760404857151643E-02 0.22086829118311671E+01
     780 0.53270055138351813E+00 0.66587568922939766E-02 0.21846092561372048E+01
     781 0.53940109945476455E+00 0.67425137431845576E-02 0.21600739744989812E+01
     782 0.54618593004522176E+00 0.68273241255652727E-02 0.21350723058195431E+01
     783 0.55305610329847155E+00 0.69132012912308943E-02 0.21095996749736998E+01
     784 0.56001269269306408E+00 0.70001586586633012E-02 0.20836517096838372E+01
     785 0.56705678521024350E+00 0.70882098151280439E-02 0.20572242581944509E+01
     786 0.57418948150379812E+00 0.71773685187974771E-02 0.20303134077672942E+01
     787 0.58141189607203614E+00 0.72676487009004521E-02 0.20029155040187510E+01
     788 0.58872515743192622E+00 0.73590644678990782E-02 0.19750271711203580E+01
     789 0.59613040829543673E+00 0.74516301036929586E-02 0.19466453328826421E+01
     790 0.60362880574807898E+00 0.75453600718509879E-02 0.19177672347417201E+01
     791 0.61122152142971187E+00 0.76402690178713987E-02 0.18883904666668161E+01
     792 0.61890974171760882E+00 0.77363717714701106E-02 0.18585129870058970E+01
     793 0.62669466791182993E+00 0.78336833488978751E-02 0.18281331472850011E+01
     794 0.63457751642293347E+00 0.79322189552866688E-02 0.17972497179752640E+01
     795 0.64255951896203500E+00 0.80319939870254382E-02 0.17658619152398980E+01
     796 0.65064192273327182E+00 0.81330240341658984E-02 0.17339694286710570E+01
     797 0.65882599062867819E+00 0.82353248828584778E-02 0.17015724500243889E+01
     798 0.66711300142551100E+00 0.83389125178188871E-02 0.16686717029562710E+01
     799 0.67550424998606962E+00 0.84438031248258699E-02 0.16352684737657659E+01
     800 0.68400104746001145E+00 0.85500130932501441E-02 0.16013646431402151E+01
     801 0.69260472148922991E+00 0.86575590186153736E-02 0.15669627188994990E+01
     802 0.70131661641529752E+00 0.87664577051912197E-02 0.15320658697302649E+01
     803 0.71013809348951851E+00 0.88767261686189813E-02 0.14966779598968210E+01
     804 0.71907053108563568E+00 0.89883816385704467E-02 0.14608035849106260E+01
     805 0.72811532491519404E+00 0.91014415614399258E-02 0.14244481081351641E+01
     806 0.73727388824563256E+00 0.92159236030704070E-02 0.13876176982970270E+01
     807 0.74654765212110608E+00 0.93318456515138256E-02 0.13503193678680130E+01
     808 0.75593806558608523E+00 0.94492258198260667E-02 0.13125610122761631E+01
     809 0.76544659591178155E+00 0.95680824488972704E-02 0.12743514498962809E+01
     810 0.77507472882540085E+00 0.96884341103175113E-02 0.12357004627628210E+01
     811 0.78482396874230098E+00 0.98102996092787626E-02 0.11966188379391440E+01
     812 0.79469583900105523E+00 0.99336979875131910E-02 0.11571184094683720E+01
     813 0.80469188210147313E+00 0.10058648526268411E-01 0.11172121008209670E+01
     814 0.81481365994562927E+00 0.10185170749320370E-01 0.10769139677437221E+01
     815 0.82506275408190177E+00 0.10313284426023771E-01 0.10362392414037409E+01
     816 0.83544076595210270E+00 0.10443009574401280E-01 0.99520437170875609E+00
     817 0.84594931714170252E+00 0.10574366464271279E-01 0.95382707067261674E+00
     818 0.85659004963320162E+00 0.10707375620415020E-01 0.91212635568112521E+00
     819 0.86736462606270337E+00 0.10842057825783791E-01 0.87012259249896540E+00
     820 0.87827472997969291E+00 0.10978434124746160E-01 0.82783753784354364E+00
     821 0.88932206611010556E+00 0.11116525826376320E-01 0.78529438133522167E+00
     822 0.90050836062268946E+00 0.11256354507783620E-01 0.74251778661686707E+00
     823 0.91183536139871735E+00 0.11397942017483970E-01 0.69963146469040327E+00
     824 0.92330483830510890E+00 0.11541310478813859E-01 0.65851663557031159E+00
     825 0.93491858347096235E+00 0.11686482293387030E-01 0.61915410991787423E+00
     826 0.94667841156758958E+00 0.11833480144594869E-01 0.58152039203415806E+00
     827 0.95858616009205833E+00 0.11982327001150730E-01 0.54558804115823589E+00
     828 0.97064368965429848E+00 0.12133046120678731E-01 0.51132603131855991E+00
     829 0.98285288426783857E+00 0.12285661053347980E-01 0.47870010731295670E+00
     830 0.99521565164417358E+00 0.12440195645552170E-01 0.44767313463549702E+00
     831 0.10077339234908600E+01 0.12596674043635750E-01 0.41820544140631860E+00
     832 0.10204096558133440E+01 0.12755120697666799E-01 0.39025515059216792E+00
     833 0.10332448292205869E+01 0.12915560365257340E-01 0.36377850102926668E+00
     834 0.10462414492345500E+01 0.13078018115431880E-01 0.33873015597520950E+00
     835 0.10594015466035500E+01 0.13242519332544370E-01 0.31506349812192902E+00
     836 0.10727271776195750E+01 0.13409089720244681E-01 0.29273091018812208E+00
     837 0.10862204244395850E+01 0.13577755305494810E-01 0.27168404042802891E+00
     838 0.10998833954108449E+01 0.13748542442635559E-01 0.25187405253515871E+00
     839 0.11137182254003699E+01 0.13921477817504619E-01 0.23325185949875121E+00
     840 0.11277270761284890E+01 0.14096588451606110E-01 0.21576834133846809E+00
     841 0.11419121365066309E+01 0.14273901706332890E-01 0.19937454655859699E+00
     842 0.11562756229793441E+01 0.14453445287241800E-01 0.18402187739126241E+00
     843 0.11708197798706050E+01 0.14635247248382570E-01 0.16966225899035070E+00
     844 0.11855468797345250E+01 0.14819335996681570E-01 0.15624829283804481E+00
     845 0.12004592237104150E+01 0.15005740296380190E-01 0.14373339471472521E+00
     846 0.12155591418823630E+01 0.15194489273529540E-01 0.13207191766095511E+00
     847 0.12308489936433069E+01 0.15385612420541339E-01 0.12121926042749789E+00
     848 0.12463311680636870E+01 0.15579139600796090E-01 0.11113196196276851E+00
     849 0.12620080842647601E+01 0.15775101053309499E-01 0.10176778258635390E+00
     850 0.12778821917965719E+01 0.15973527397457148E-01 0.93085772668915628E-01
     851 0.12939559710207240E+01 0.16174449637759051E-01 0.85046326517251927E-01
     852 0.13102319334979240E+01 0.16377899168724050E-01 0.77611235026361053E-01
     853 0.13267126223804180E+01 0.16583907779755231E-01 0.70743707670605990E-01
     854 0.13434006128093801E+01 0.16792507660117251E-01 0.64408408407128553E-01
     855 0.13602985123172600E+01 0.17003731403965751E-01 0.58571462178727392E-01
     856 0.13774089612352389E+01 0.17217612015440489E-01 0.53200466440356239E-01
     857 0.13947346331057739E+01 0.17434182913822170E-01 0.48264490364992703E-01
     858 0.14122782351003380E+01 0.17653477938754221E-01 0.43734066576261207E-01
     859 0.14300425084424420E+01 0.17875531355530529E-01 0.39581176487195273E-01
     860 0.14480302288359310E+01 0.18100377860449140E-01 0.35779229906514651E-01
     861 0.14662442068987169E+01 0.18328052586233962E-01 0.32303039548863793E-01
     862 0.14846872886019300E+01 0.18558591107524121E-01 0.29128791060643280E-01
     863 0.15033623557146041E+01 0.18792029446432549E-01 0.26234009145776161E-01
     864 0.15222723262539750E+01 0.19028404078174691E-01 0.23597520346822849E-01
     865 0.15414201549414090E+01 0.19267751936767611E-01 0.21199413006680889E-01
     866 0.15608088336640951E+01 0.19510110420801190E-01 0.19020994905007610E-01
     867 0.15804413919425351E+01 0.19755517399281691E-01 0.17044749031829960E-01
     868 0.16003208974038960E+01 0.20004011217548700E-01 0.15254287928833160E-01
     869 0.16204504562613571E+01 0.20255630703266959E-01 0.13634306996832740E-01
     870 0.16408332137994379E+01 0.20510415172492979E-01 0.12170537136176879E-01
     871 0.16614723548654760E+01 0.20768404435818451E-01 0.10849697055509000E-01
     872 0.16823711043672569E+01 0.21029638804590720E-01 0.96594455536557211E-02
     873 0.17035327277769030E+01 0.21294159097211291E-01 0.85883340495489340E-02
     874 0.17249605316411309E+01 0.21562006645514140E-01 0.76257596062028407E-02
     875 0.17466578640978849E+01 0.21833223301223569E-01 0.67619186669719434E-02
     876 0.17686281153995069E+01 0.22107851442493841E-01 0.59877616957166088E-02
     877 0.17908747184424649E+01 0.22385933980530820E-01 0.52949488871934236E-02
     878 0.18134011493037401E+01 0.22667514366296750E-01 0.46758070900286778E-02
     879 0.18362109277839900E+01 0.22952636597299871E-01 0.41232880620805093E-02
     880 0.18593076179575021E+01 0.23241345224468780E-01 0.36309281568815892E-02
     881 0.18826948287291121E+01 0.23533685359113900E-01 0.31928095201972321E-02
     882 0.19063762143980860E+01 0.23829702679976070E-01 0.28035228575424729E-02
     883 0.19303554752291090E+01 0.24129443440363860E-01 0.24581318167653261E-02
     884 0.19546363580304780E+01 0.24432954475380981E-01 0.21521390145062061E-02
     885 0.19792226567395250E+01 0.24740283209244068E-01 0.18814537214561979E-02
     886 0.20041182130154480E+01 0.25051477662693101E-01 0.16423612088211539E-02
     887 0.20293269168395680E+01 0.25366586460494601E-01 0.14314937472113640E-02
     888 0.20548527071231382E+01 0.25685658839039220E-01 0.12458032392641840E-02
     889 0.20806995723228301E+01 0.26008744654035371E-01 0.10825354586136750E-02
     890 0.21068715510639100E+01 0.26335894388298871E-01 0.93920586028535080E-03
     891 0.21333727327713059E+01 0.26667159159641331E-01 0.81357692114978719E-03
     892 0.21602072583085832E+01 0.27002590728857290E-01 0.70363696365001438E-03
     893 0.21873793206249430E+01 0.27342241507811789E-01 0.60758041155400662E-03
     894 0.22148931654104120E+01 0.27686164567630150E-01 0.52378942290608112E-03
     895 0.22427530917592069E+01 0.28034413646990091E-01 0.45081684258948412E-03
     896 0.22709634528415070E+01 0.28387043160518838E-01 0.38737041489715900E-03
     897 0.22995286565836279E+01 0.28744108207295348E-01 0.33229819517085308E-03
     898 0.23284531663567640E+01 0.29105664579459550E-01 0.28457509884326058E-03
     899 0.23577415016744210E+01 0.29471768770930270E-01 0.24329052603955131E-03
     900 0.23873982388985739E+01 0.29842477986232172E-01 0.20763700020128391E-03
     901 0.24174280119547542E+01 0.30217850149434421E-01 0.17689975992793761E-03
     902 0.24478355130561011E+01 0.30597943913201271E-01 0.15044724433309529E-03
     903 0.24786254934365202E+01 0.30982818667956501E-01 0.12772241363045430E-03
     904 0.25098027640930951E+01 0.31372534551163678E-01 0.10823484834977381E-03
     905 0.25413721965377878E+01 0.31767152456722347E-01 0.91553572488415434E-04
     906 0.25733387235586518E+01 0.32166734044483163E-01 0.77300547987463195E-04
     907 0.26057073399905750E+01 0.32571341749882188E-01 0.65144790143477853E-04
     908 0.26384831034957199E+01 0.32981038793696509E-01 0.54797055891871837E-04
     909 0.26716711353538272E+01 0.33395889191922837E-01 0.46005059293426862E-04
     910 0.27052766212623851E+01 0.33815957765779808E-01 0.38549170992574673E-04
     911 0.27393048121469419E+01 0.34241310151836783E-01 0.32238560868862271E-04
     912 0.27737610249815630E+01 0.34672012812269531E-01 0.26907745548803492E-04
     913 0.28086506436195910E+01 0.35108133045244891E-01 0.22413504864178540E-04
     914 0.28439791196349349E+01 0.35549738995436689E-01 0.18632133717694598E-04
     915 0.28797519731738368E+01 0.35996899664672968E-01 0.15456998133229869E-04
     916 0.29159747938174490E+01 0.36449684922718113E-01 0.12796366513502520E-04
     917 0.29526532414551951E+01 0.36908165518189942E-01 0.10571489293045370E-04
     918 0.29897930471691350E+01 0.37372413089614177E-01 0.87149022509314835E-05
     919 0.30274000141294799E+01 0.37842500176618499E-01 0.71689307297821774E-05
     920 0.30654800185013218E+01 0.38318500231266532E-01 0.58843738908563019E-05
     921 0.31040390103628210E+01 0.38800487629535273E-01 0.48193499166359464E-05
     922 0.31430830146349118E+01 0.39288537682936400E-01 0.39382847508056537E-05
     923 0.31826181320226858E+01 0.39782726650283567E-01 0.32110285405534649E-05
     924 0.32226505399686811E+01 0.40283131749608507E-01 0.26120854184234938E-05
     925 0.32631864936180741E+01 0.40789831170225929E-01 0.21199436321211800E-05
     926 0.33042323267960989E+01 0.41302904084951242E-01 0.17164943030607721E-05
     927 0.33457944529977048E+01 0.41822430662471308E-01 0.13865282710257021E-05
     928 0.33878793663896580E+01 0.42348492079870723E-01 0.11173015665638260E-05
     929 0.34304936428253079E+01 0.42881170535316357E-01 0.89816104854534552E-06
     930 0.34736439408720390E+01 0.43420549260900478E-01 0.72022265585977933E-06
     931 0.35173370028517130E+01 0.43966712535646421E-01 0.57609555392700476E-06
     932 0.35615796558941670E+01 0.44519745698677088E-01 0.45964621309764733E-06
     933 0.36063788130039391E+01 0.45079735162549227E-01 0.36579714174321420E-06
     934 0.36517414741404841E+01 0.45646768426756051E-01 0.29035561652531882E-06
     935 0.36976747273118820E+01 0.46220934091398519E-01 0.22986831058730349E-06
     936 0.37441857496824000E+01 0.46802321871030013E-01 0.18149822174991459E-06
     937 0.37912818086939182E+01 0.47391022608673977E-01 0.14292075161756660E-06
     938 0.38389702632014600E+01 0.47987128290018263E-01 0.11223618706602690E-06
     939 0.38872585646230799E+01 0.48590732057788508E-01 0.87896191967040588E-07
     940 0.39361542581041049E+01 0.49201928226301317E-01 0.68642233099989882E-07
     941 0.39856649836961262E+01 0.49820812296201583E-01 0.53454143689752640E-07
     942 0.40357984775507552E+01 0.50447480969384437E-01 0.41507274364094443E-07
     943 0.40865625731283908E+01 0.51082032164104889E-01 0.32136897794080281E-07
     944 0.41379652024222606E+01 0.51724565030278259E-01 0.24808722896716100E-07
     945 0.41900143971977579E+01 0.52375179964971978E-01 0.19094540049386771E-07
     946 0.42427182902474669E+01 0.53033978628093337E-01 0.14652162882782600E-07
     947 0.42960851166619118E+01 0.53701063958273898E-01 0.11208957263738180E-07
     948 0.43501232151162821E+01 0.54376540188953527E-01 0.85483562285080726E-08
     949 0.44048410291734150E+01 0.55060512864667691E-01 0.64988528618946316E-08
     950 0.44602471086030677E+01 0.55753088857538352E-01 0.49250432340494489E-08
     951 0.45163501107178829E+01 0.56454376383973541E-01 0.37203601251689750E-08
     952 0.45731588017260920E+01 0.57164485021576152E-01 0.28011968448722098E-08
     953 0.46306820581012254E+01 0.57883525726265317E-01 0.21021702908340159E-08
     954 0.46889288679691417E+01 0.58611610849614283E-01 0.15723146514771189E-08
     955 0.47479083325123694E+01 0.59348854156404618E-01 0.11720328707740311E-08
     956 0.48076296673922467E+01 0.60095370842403087E-01 0.87066307036893092E-09
     957 0.48681022041888617E+01 0.60851277552360777E-01 0.64454236713268681E-09
     958 0.49293353918591043E+01 0.61616692398238797E-01 0.47547163587055957E-09
     959 0.49913387982131434E+01 0.62391734977664287E-01 0.34950236099312039E-09
     960 0.50541221114093506E+01 0.63176526392616880E-01 0.25598133127265311E-09
     961 0.51176951414681584E+01 0.63971189268351977E-01 0.18680102058343159E-09
     962 0.51820678218048606E+01 0.64775847772560777E-01 0.13581346346008640E-09
     963 0.52472502107817114E+01 0.65590627634771401E-01 0.98373619878817757E-10
     964 0.53132524932796166E+01 0.66415656165995221E-01 0.70984921846523198E-10
     965 0.53800849822894863E+01 0.67251062278618587E-01 0.51025154766669531E-10
     966 0.54477581205237051E+01 0.68096976506546322E-01 0.36535260891415331E-10
     967 0.55162824820478162E+01 0.68953531025597703E-01 0.26057239366629848E-10
     968 0.55856687739327020E+01 0.69820859674158783E-01 0.18510207937202829E-10
     969 0.56559278379276554E+01 0.70699097974095682E-01 0.13096011389129220E-10
     970 0.57270706521543486E+01 0.71588383151929363E-01 0.92276164366713340E-11
     971 0.57991083328222564E+01 0.72488854160278213E-01 0.64750093720369134E-11
     972 0.58720521359655571E+01 0.73400651699569469E-01 0.45244836208783676E-11
     973 0.59459134592018739E+01 0.74323918240023421E-01 0.31481288678189620E-11
     974 0.60207038435132567E+01 0.75258798043915720E-01 0.21810603875796200E-11
     975 0.60964349750493936E+01 0.76205437188117439E-01 0.15044964268452039E-11
     976 0.61731186869536776E+01 0.77163983586920989E-01 0.10332352533595911E-11
     977 0.62507669612121157E+01 0.78134587015151455E-01 0.70642796247572831E-12
     978 0.63293919305255164E+01 0.79117399131568955E-01 0.48080935100137895E-12
     979 0.64090058802053216E+01 0.80112573502566523E-01 0.32575399560010363E-12
     980 0.64896212500931201E+01 0.81120265626164006E-01 0.21968155640121880E-12
     981 0.65712506365044820E+01 0.82140632956306026E-01 0.14745494079019809E-12
     982 0.66539067941971242E+01 0.83173834927464052E-01 0.98505740818565808E-13
     983 0.67376026383638257E+01 0.84220032979547832E-01 0.65489930477904729E-13
     984 0.68223512466505429E+01 0.85279390583131789E-01 0.43328363515091797E-13
     985 0.69081658611997181E+01 0.86352073264996485E-01 0.28525186980481121E-13
     986 0.69950598907194790E+01 0.87438248633993493E-01 0.18686008738254840E-13
     987 0.70830469125787374E+01 0.88538086407234207E-01 0.12178940052568580E-13
     988 0.71721406749286416E+01 0.89651758436608039E-01 0.78973262560349831E-14
     989 0.72623550988508532E+01 0.90779438735635667E-01 0.50944901984503242E-14
     990 0.73537042805326216E+01 0.91921303506657781E-01 0.32692154279920649E-14
     991 0.74462024934694524E+01 0.93077531168368144E-01 0.20867973101477671E-14
     992 0.75398641906953170E+01 0.94248302383691474E-01 0.13248976862285301E-14
     993 0.76347040070409369E+01 0.95433800088011722E-01 0.83660574695686875E-15
     994 0.77307367614205962E+01 0.96634209517757461E-01 0.52537150182696598E-15
     995 0.78279774591475206E+01 0.97849718239344019E-01 0.32808753504034760E-15
     996 0.79264412942785807E+01 0.99080516178482264E-01 0.20373260171363220E-15
     997 0.80261436519883542E+01 0.10032679564985440E+00 0.12579071383196079E-15
     998 0.81271001109730552E+01 0.10158875138716320E+00 0.77218823952822958E-16
     999 0.82293264458848228E+01 0.10286658057356030E+00 0.47125206287862971E-16
    1000 0.83328386297964396E+01 0.10416048287245550E+00 0.28589554381387918E-16
    1001 0.84376528366972554E+01 0.10547066045871570E+00 0.17240652722380771E-16
    1002 0.85437854440203562E+01 0.10679731805025450E+00 0.10333796644485510E-16
    1003 0.86512530352015382E+01 0.10814066294001920E+00 0.61559279510219097E-17
    1004 0.87600724022705965E+01 0.10950090502838250E+00 0.36443623192201439E-17
    1005 0.88702605484749988E+01 0.11087825685593750E+00 0.21439298099056949E-17
    1006 0.89818346909367861E+01 0.11227293363670980E+00 0.12531794150345930E-17
    1007 0.90948122633427335E+01 0.11368515329178421E+00 0.72782035768806895E-18
    1008 0.92092109186683491E+01 0.11511513648335440E+00 0.41994588504310742E-18
    1009 0.93250485319363108E+01 0.11656310664920390E+00 0.24070533046248160E-18
    1010 0.94423432030093295E+01 0.11802929003761660E+00 0.13704590444882070E-18
    1011 0.95611132594184127E+01 0.11951391574273020E+00 0.77499494612750253E-19
    1012 0.96813772592265348E+01 0.12101721574033170E+00 0.43525973859081688E-19
    1013 0.98031539939283086E+01 0.12253942492410390E+00 0.24276127413613450E-19
    1014 0.99264624913863226E+01 0.12408078114232900E+00 0.13444886278392161E-19
    1015 0.10051322018804139E+02 0.12564152523505179E+00 0.73934670754532975E-20
